1.656805723905563354e-02 2.950000017881393433e-02 3.353765606880187988e-02
4.345424531493335962e-04 -2.628899819683283567e-04 8.540000021457672119e-02
2.709421969484537840e-04 5.528858309844508767e-05 0.000000000000000000e+00
2.999999932944774628e-02 -5.347145721316337585e-03 5.460771918296813965e-02
-4.999999888241291046e-03 -5.008085165172815323e-03 3.821347653865814209e-02
2.475054003298282623e-02 2.429999969899654388e-02 7.441837340593338013e-02
2.478156238794326782e-02 2.393439039587974548e-02 0.000000000000000000e+00
2.459836006164550781e-02 -3.000001888722181320e-04 2.229146100580692291e-02
-4.962192382663488388e-03 2.135830558836460114e-02 5.519999936223030090e-02
2.797015476971864700e-04 2.429999969899654388e-02 1.257590018212795258e-02
3.427889314480125904e-04 2.429999969899654388e-02 7.992982119321823120e-02
2.477972395718097687e-02 -3.000001888722181320e-04 7.870900630950927734e-02
