-1.823185384273529053e-02 2.009999938309192657e-02 4.578415304422378540e-02
1.203965675085783005e-02 -1.230575609952211380e-02 1.905286808323580772e-07
1.075671799480915070e-02 -1.340267248451709747e-02 8.540000021457672119e-02
1.999999955296516418e-02 -2.549114869907498360e-03 4.263731092214584351e-02
-1.827991567552089691e-02 -1.989999972283840179e-02 3.025770746171474457e-02
-1.148664951324462891e-02 1.303473580628633499e-02 1.087761390954256058e-02
-1.015585009008646011e-02 1.409198436886072159e-02 7.944034039974212646e-02
-1.111732516437768936e-02 -1.313931681215763092e-02 6.138445809483528137e-02
6.810897029936313629e-03 2.009999938309192657e-02 3.157225623726844788e-02
1.501453481614589691e-02 8.675846271216869354e-03 6.845754384994506836e-02
-1.379910949617624283e-02 -1.024020649492740631e-02 0.000000000000000000e+00
6.777017842978239059e-03 -1.580717414617538452e-02 2.506362460553646088e-02
1.144371461123228073e-02 1.307014375925064087e-02 5.347980186343193054e-04
-1.372183021157979965e-02 -9.777616709470748901e-03 8.540000021457672119e-02
1.049573346972465515e-02 -1.964744180440902710e-02 5.519999936223030090e-02
-1.987458951771259308e-02 3.285251557826995850e-03 3.020000085234642029e-02
