-1.989625580608844757e-02 -2.048511756584048271e-03 1.914102467708289623e-03
6.968625821173191071e-03 1.243923828005790710e-01 -4.299226030707359314e-02
1.322096213698387146e-02 -3.503828123211860657e-02 -9.791698306798934937e-02
4.358630627393722534e-02 3.616033494472503662e-02 -5.068893358111381531e-02
6.348405033349990845e-03 -8.200000226497650146e-02 -2.368551492691040039e-02
-4.036228731274604797e-02 3.488104045391082764e-02 -7.488181442022323608e-02
-4.497994482517242432e-02 -3.431419655680656433e-02 -5.633080005645751953e-02
3.933015838265419006e-02 -2.323096059262752533e-02 -2.021054923534393311e-02
-9.653133340179920197e-03 6.341002136468887329e-02 -2.352377027273178101e-02
3.127987310290336609e-02 3.364546597003936768e-02 1.559758558869361877e-02
1.131734438240528107e-02 2.297759801149368286e-02 -9.852860867977142334e-02
1.643702946603298187e-02 -3.520364686846733093e-02 3.061605244874954224e-02
-3.460519714280962944e-03 1.700000092387199402e-02 -4.288249090313911438e-02
3.177730366587638855e-03 -4.207519069314002991e-02 -5.113668367266654968e-02
-1.427718810737133026e-02 3.650868684053421021e-02 3.027216531336307526e-02
4.255033284425735474e-02 -1.700000092387199402e-02 -6.654714047908782959e-02
