1.993702724575996399e-02 3.932313993573188782e-04 4.798731952905654907e-02
-1.372501719743013382e-02 6.581800698768347502e-05 0.000000000000000000e+00
-1.382493600249290466e-02 -4.960900405421853065e-04 8.540000021457672119e-02
-2.002972736954689026e-02 -5.376186454668641090e-04 4.036849737167358398e-02
4.037952516227960587e-03 -1.313700154423713684e-02 2.331393584609031677e-02
2.002187771722674370e-03 1.990466006100177765e-02 3.020000085234642029e-02
-1.406063325703144073e-03 -1.992156170308589935e-02 5.500445142388343811e-02
-3.462310181930661201e-03 1.339510921388864517e-02 6.090674549341201782e-02
1.321894861757755280e-02 -3.734614234417676926e-03 7.659861445426940918e-02
1.368743740022182465e-02 1.309096231125295162e-03 1.699861837550997734e-03
2.781016286462545395e-03 1.352398190647363663e-02 8.521904796361923218e-02
-1.245173159986734390e-02 6.064442452043294907e-03 2.112588845193386078e-02
-1.276836730539798737e-02 -5.291962064802646637e-03 6.468573212623596191e-02
4.782057367265224457e-04 -1.374693773686885834e-02 3.307442879304289818e-03
1.267416961491107941e-02 5.337960086762905121e-03 2.147952280938625336e-02
-9.650981053709983826e-03 -1.751407980918884277e-02 3.704207018017768860e-02
