4.209108650684356689e-03 -1.750000007450580597e-02 -1.549687236547470093e-02
-3.250153968110680580e-03 1.749850437045097351e-02 1.973330602049827576e-02
-1.032974198460578918e-02 1.708071120083332062e-02 -1.709165982902050018e-02
-1.006910204887390137e-02 -1.750000007450580597e-02 1.724545285105705261e-02
1.964501291513442993e-02 9.785080328583717346e-03 -3.612601198256015778e-03
1.740548387169837952e-02 -1.732051372528076172e-02 9.804884903132915497e-03
-1.901002414524555206e-02 -6.751270964741706848e-03 -6.180988159030675888e-03
-1.957314461469650269e-02 1.388556137681007385e-02 4.050915129482746124e-03
1.229362841695547104e-02 3.153184894472360611e-03 1.574043184518814087e-02
6.182099692523479462e-03 3.728701034560799599e-03 -1.899080909788608551e-02
-8.563959039747714996e-03 7.871461566537618637e-04 1.230420079082250595e-02
1.868657581508159637e-02 -9.025124832987785339e-03 -7.054917048662900925e-03
-7.448973134160041809e-03 -5.614258348941802979e-03 -1.855811849236488342e-02
5.256808362901210785e-03 -1.159771438688039780e-02 1.929163746535778046e-02
1.242637448012828827e-02 1.740353740751743317e-02 8.362360298633575439e-03
8.964713662862777710e-03 1.750000007450580597e-02 -1.200059335678815842e-02
