-1.363781373947858810e-02 1.750000007450580597e-02 2.254394255578517914e-02
6.966941803693771362e-02 -1.750000007450580597e-02 1.247128675458952785e-04
1.673757284879684448e-02 -1.749828830361366272e-02 8.426478505134582520e-02
-7.000000029802322388e-02 -1.749493181705474854e-02 9.086392819881439209e-04
-3.642331436276435852e-02 -1.678488031029701233e-02 6.230852007865905762e-02
4.039387404918670654e-02 1.137205027043819427e-02 4.003651812672615051e-02
1.781811937689781189e-02 -1.698569394648075104e-02 0.000000000000000000e+00
-8.621932007372379303e-03 2.050000056624412537e-02 7.148486375808715820e-02
-2.526336908340454102e-02 -1.750000007450580597e-02 1.491706643719226122e-05
-5.611596629023551941e-02 1.745908334851264954e-02 1.999999955296516418e-02
4.711677134037017822e-02 1.725779846310615540e-02 0.000000000000000000e+00
1.703253574669361115e-02 -2.050000056624412537e-02 3.940739482641220093e-02
2.830676175653934479e-02 1.710082218050956726e-02 7.584103941917419434e-02
-3.802725300192832947e-02 1.750000007450580597e-02 5.135284364223480225e-02
-1.745252497494220734e-02 -2.050000056624412537e-02 3.387368842959403992e-02
1.291916146874427795e-02 1.750000007450580597e-02 6.744213169440627098e-04
