-1.420496962964534760e-02 9.425013326108455658e-03 7.536860648542642593e-03
6.311851087957620621e-03 1.591999977827072144e-01 1.223450805991888046e-02
1.400000043213367462e-02 8.148584514856338501e-02 2.457501366734504700e-02
1.627309806644916534e-02 -4.791919142007827759e-02 2.465694025158882141e-02
-2.635582908987998962e-02 -3.880466893315315247e-02 -1.061566945281811059e-04
-1.400000043213367462e-02 1.148851662874221802e-01 1.493076415499672294e-04
3.046034462749958038e-02 -8.498121052980422974e-03 2.236810105387121439e-04
-1.400000043213367462e-02 5.462725088000297546e-02 3.973162092734128237e-04
1.399177312850952148e-02 3.509448096156120300e-02 2.468000166118144989e-02
1.400000043213367462e-02 1.237519979476928711e-01 2.454513683915138245e-02
-3.204191103577613831e-02 -1.541009917855262756e-02 2.468000166118144989e-02
1.237152237445116043e-02 2.289402764290571213e-03 2.468000166118144989e-02
