2.473640441894531250e-02 1.551534794270992279e-02 2.612394466996192932e-02
-2.521985024213790894e-02 2.730000123847275972e-04 2.486711367964744568e-02
-4.757517483085393906e-03 2.026804536581039429e-02 5.027875676751136780e-02
-3.373520914465188980e-03 1.999512687325477600e-02 9.087352082133293152e-04
2.003574511036276817e-03 2.730000123847275972e-04 3.215568512678146362e-02
1.446285750716924667e-02 2.730000123847275972e-04 5.992864258587360382e-03
-1.069867890328168869e-02 2.027300000190734863e-02 2.448109537363052368e-02
-1.389662455767393112e-02 2.730000123847275972e-04 4.972158931195735931e-03
-1.591207459568977356e-02 1.605315366759896278e-03 4.518208280205726624e-02
1.496928837150335312e-02 1.210089959204196930e-02 4.552039876580238342e-02
1.712969876825809479e-02 2.027300000190734863e-02 7.963213138282299042e-03
-2.052672579884529114e-02 1.945923455059528351e-02 4.030671715736389160e-02
6.912728771567344666e-03 2.027300000190734863e-02 3.014256060123443604e-02
1.587097183801233768e-03 2.730000123847275972e-04 5.051731690764427185e-02
-1.892397180199623108e-02 1.713384129106998444e-02 9.095492772758007050e-03
2.268355153501033783e-02 2.730000123847275972e-04 3.473033756017684937e-02
