-8.040201500989496708e-04 -6.000000052154064178e-03 -4.380331560969352722e-02
-1.534892916679382324e-01 1.585195213556289673e-02 5.367741454392671585e-03
-6.625677645206451416e-02 -9.999999776482582092e-03 2.198371291160583496e-02
1.038357341395977981e-18 5.940838251262903214e-03 4.448953643441200256e-02
-1.016648262739181519e-01 9.427892975509166718e-03 -1.950174011290073395e-02
-4.790562391281127930e-02 9.999999776482582092e-03 -2.418085187673568726e-02
-1.174706742167472839e-01 -9.274995885789394379e-03 1.899999938905239105e-02
-2.238689176738262177e-02 -1.533645670861005783e-02 1.106371544301509857e-02
-1.363129615783691406e-01 -1.560950186103582382e-02 -1.897226460278034210e-02
-3.769925236701965332e-02 9.784818626940250397e-03 3.104725666344165802e-02
-1.398711092770099640e-02 1.549170725047588348e-02 -2.067675814032554626e-02
-7.460024952888488770e-02 -9.999999776482582092e-03 -1.993679627776145935e-02
-1.493368595838546753e-01 -1.600000075995922089e-02 1.220344938337802887e-02
-9.129574894905090332e-02 9.999999776482582092e-03 1.924814656376838684e-02
-2.050731331110000610e-02 -1.600000075995922089e-02 -2.101753465831279755e-02
-1.334467381238937378e-01 1.590107381343841553e-02 -1.888354681432247162e-02
