1.028228737413883209e-02 6.186646874994039536e-03 1.027162447571754456e-01
-2.083475738763809204e-01 -4.052051529288291931e-02 2.254722565412521362e-01
-5.576900765299797058e-02 7.996122352778911591e-03 2.417152673006057739e-01
-1.370958890765905380e-02 -1.238469034433364868e-02 0.000000000000000000e+00
1.954356767237186432e-02 -1.092194020748138428e-02 1.925570070743560791e-01
-1.404414325952529907e-01 1.732591912150382996e-02 2.189543694257736206e-01
-4.580307751893997192e-03 4.518576432019472122e-03 2.367822825908660889e-01
-7.569649256765842438e-03 -5.488726776093244553e-03 1.465062350034713745e-01
-1.715048402547836304e-01 -1.709995418787002563e-02 2.049240022897720337e-01
-9.738061577081680298e-02 3.045773773919790983e-04 2.227308154106140137e-01
1.370958890765905380e-02 1.238469034433364868e-02 2.000000141561031342e-02
-1.781772971153259277e-01 -9.713687002658843994e-03 2.405084818601608276e-01
4.709701985120773315e-03 1.016746833920478821e-02 1.725009977817535400e-01
-3.303662315011024475e-02 5.629272665828466415e-03 2.193058282136917114e-01
1.697321981191635132e-02 7.426267955452203751e-03 2.162203341722488403e-01
-1.523770093917846680e-01 -8.438508957624435425e-03 2.265478670597076416e-01
