-8.452832698822021484e-03 -1.198197342455387115e-02 1.391449421644210815e-01
2.073030918836593628e-02 3.163758665323257446e-02 3.511772129536727509e-17
-1.840060204267501831e-02 -3.312569484114646912e-02 5.098760873079299927e-02
3.531300276517868042e-02 1.374707836657762527e-02 7.691975682973861694e-02
-3.718912973999977112e-02 2.010208321735262871e-03 2.231331282890367895e-18
2.017822116613388062e-02 -3.205548599362373352e-02 2.115661985625647739e-17
3.680805116891860962e-02 1.324044913053512573e-02 1.749999970197677612e-01
-1.882269233465194702e-02 3.205536305904388428e-02 5.159996822476387024e-02
-3.695511072874069214e-02 1.465000025928020477e-02 1.740728020668029785e-01
-8.709076792001724243e-03 -5.656638648360967636e-03 9.054568409919738770e-02
2.963823080062866211e-02 -2.374226227402687073e-02 4.627737775444984436e-02
-2.021615393459796906e-03 3.963235358241945505e-04 2.771615050733089447e-02
2.197191119194030762e-02 3.095429949462413788e-02 4.136310145258903503e-02
-1.920157112181186676e-02 -3.277806192636489868e-02 9.791492484509944916e-03
3.947529569268226624e-02 4.713813250418752432e-04 1.593962498009204865e-02
-3.795587271451950073e-02 -8.420009398832917213e-04 6.198593974113464355e-02
