## X Y Z Yaw Pitch Roll  OffsetX OffsetY OffsetYaw##
-0.03 0.012 0.045 0 1.57 1.57 0.012 0.012 0
-0.03 0.012 0.055 0 1.57 1.57 0.012 0.012 0
-0.03 0.012 0.065 0 1.57 1.57 0.012 0.012 0
-0.03 0.012 0.075 0 1.57 1.57 0.012 0.012 0
-0.04 0.012 0.045 0 1.57 1.57 0.002 0.012 0
-0.04 0.012 0.055 0 1.57 1.57 0.002 0.012 0
-0.04 0.012 0.065 0 1.57 1.57 0.002 0.012 0
-0.04 0.012 0.075 0 1.57 1.57 0.002 0.012 0
0.012 0.012 0.12 0 0 3.147 0.012 0.012 0 
0.012 0.012 0.12 -1.57 0 3.147 0.012 0.012 -1.57
0.012 0.012 0.13 0 0 3.147 0.012 0.012 0
0.012 0.012 0.13 -1.57 0 3.147 0.012 0.012 -1.57


