-5.276921670883893967e-03 -3.630837798118591309e-02 -2.648892439901828766e-02
5.944192409515380859e-03 -5.501321414509989350e-18 4.499247670173645020e-02
-5.233524832874536514e-03 -3.974484652280807495e-02 2.101451903581619263e-02
5.754963494837284088e-03 -7.504268432967364788e-05 -4.499619081616401672e-02
1.600000075995922089e-02 -2.522731758654117584e-02 -1.711941673420369625e-03
-1.566715165972709656e-02 -9.613507427275180817e-03 2.304148487746715546e-02
-1.600000075995922089e-02 -7.525443099439144135e-03 -2.410949021577835083e-02
-1.600000075995922089e-02 -2.618345804512500763e-02 -1.841654535382986069e-03
1.551629975438117981e-02 -1.659096777439117432e-02 2.494336664676666260e-02
1.600000075995922089e-02 -1.397685799747705460e-02 -2.531947568058967590e-02
5.216210847720503807e-04 -4.488874226808547974e-02 -2.815298270434141159e-03
-2.692682202905416489e-03 -2.378288097679615021e-02 3.921046480536460876e-02
-5.498714745044708252e-03 -1.880081743001937866e-02 -4.083751514554023743e-02
2.665035717654973269e-04 -2.184045873582363129e-02 1.212128251791000366e-02
-5.586145562119781971e-04 -2.051508612930774689e-02 -1.426270045340061188e-02
2.875226316973567009e-03 -2.599663275759667158e-04 2.498590014874935150e-02
