3.293917328119277954e-02 -3.509225090965628624e-03 2.112428285181522369e-02
-3.901663422584533691e-02 8.388776332139968872e-03 -2.899999916553497314e-02
-3.736361861228942871e-02 -1.419849600642919540e-02 4.093104973435401917e-02
3.147298702970147133e-03 -3.963366895914077759e-02 -2.300000004470348358e-02
1.568296551704406738e-02 3.669301047921180725e-02 -2.300000004470348358e-02
-6.542734336107969284e-03 3.940187767148017883e-02 4.053862020373344421e-02
5.357696674764156342e-03 -3.954346477985382080e-02 4.100000113248825073e-02
3.948593884706497192e-02 -6.353233940899372101e-03 -2.750029414892196655e-02
-3.468147292733192444e-02 1.983163692057132721e-02 1.270594820380210876e-02
-3.178885951638221741e-02 -2.418227680027484894e-02 -1.278942101635038853e-03
-8.605434559285640717e-04 7.013496942818164825e-04 4.100000113248825073e-02
2.161970362067222595e-02 3.359796106815338135e-02 1.485234685242176056e-02
2.028317563235759735e-02 -3.445403650403022766e-02 8.065585047006607056e-03
-1.889379695057868958e-02 3.519062325358390808e-02 -1.569481566548347473e-02
3.300907090306282043e-02 2.095227688550949097e-02 4.100000113248825073e-02
3.642944246530532837e-02 1.638261228799819946e-02 -6.085420027375221252e-03
