5.654578097164630890e-03 -1.600000075995922089e-02 8.092103525996208191e-03
-7.520100101828575134e-03 1.600000075995922089e-02 -9.925944730639457703e-03
7.964874617755413055e-03 9.634714573621749878e-03 9.623916819691658020e-03
-7.727991323918104172e-03 -7.884888909757137299e-03 -9.803988039493560791e-03
-1.103726401925086975e-02 4.210458602756261826e-03 5.828476510941982269e-03
1.102054025977849960e-02 -2.395259682089090347e-03 -5.860019009560346603e-03
1.022504922002553940e-02 1.600000075995922089e-02 -7.059564348310232162e-03
-1.130135264247655869e-02 -1.596968062222003937e-02 5.330368876457214355e-03
5.580081604421138763e-03 -1.600000075995922089e-02 -1.106028817594051361e-02
3.514848067425191402e-04 -2.700007986277341843e-03 1.248169969767332077e-02
-4.821435548365116119e-03 1.600000075995922089e-02 1.138062682002782822e-02
3.331300104036927223e-04 4.399937111884355545e-03 -1.248169969767332077e-02
-1.240076497197151184e-02 1.576713100075721741e-02 1.509739900939166546e-03
-1.063154637813568115e-02 4.430925473570823669e-03 -6.561166141182184219e-03
1.075540669262409210e-02 -4.752683453261852264e-03 6.360097788274288177e-03
1.239957101643085480e-02 -1.416433230042457581e-02 -1.517023192718625069e-03
