-8.975398726761341095e-03 3.308191895484924316e-02 4.537350323516875505e-04
8.969968184828758240e-03 -3.999999910593032837e-02 -3.847744083032011986e-04
8.671464398503303528e-03 -1.291779102757573128e-03 -2.360172802582383156e-03
-8.822746574878692627e-03 -2.059118449687957764e-02 1.732472446747124195e-03
-7.278835866600275040e-03 1.173839252442121506e-02 5.278435535728931427e-03
8.596763014793395996e-03 2.253849990665912628e-02 -2.629220252856612206e-03
7.895833812654018402e-03 3.999999910593032837e-02 3.949137870222330093e-03
8.788152597844600677e-03 -2.176536619663238525e-02 -1.939904061146080494e-03
-8.999343961477279663e-03 -3.878849744796752930e-02 -1.208715730172116309e-05
-8.549014106392860413e-03 -3.571012988686561584e-03 -2.801192225888371468e-03
7.175510982051491737e-04 -9.729373268783092499e-03 8.961753919720649719e-03
-3.788430694839917123e-05 1.028275117278099060e-02 -8.986799977719783783e-03
7.921701180748641491e-04 -3.047364950180053711e-02 8.953638374805450439e-03
4.398270975798368454e-04 3.999999910593032837e-02 -8.969861082732677460e-03
-1.821343466872349381e-04 2.479994669556617737e-02 8.986799977719783783e-03
-8.931066840887069702e-04 -3.035992383956909180e-02 -8.942661806941032410e-03
