-7.323196157813072205e-03 2.400670433416962624e-03 1.894143223762512207e-02
1.498677879571914673e-01 -2.361278748139739037e-04 2.446387661620974541e-03
7.044431567192077637e-02 4.247661854606121778e-04 2.926004352048039436e-03
1.101841107010841370e-01 -2.196514047682285309e-03 1.362897269427776337e-02
3.040910884737968445e-02 -4.773450084030628204e-03 6.133526097983121872e-03
5.049742758274078369e-02 2.993859816342592239e-03 1.450414396822452545e-02
9.201575070619583130e-03 1.192279509268701077e-03 4.328388255089521408e-03
1.301756352186203003e-01 5.629448220133781433e-03 9.541433304548263550e-03
9.059087187051773071e-02 5.973522551357746124e-03 8.894842118024826050e-03
-5.698365624994039536e-03 -8.961487561464309692e-03 5.262006074190139771e-03
1.980126462876796722e-02 1.482783467508852482e-03 1.576577872037887573e-02
-5.589706357568502426e-03 7.065842859447002411e-03 4.165058024227619171e-03
8.055789023637771606e-02 -4.383982159197330475e-03 1.276293490082025528e-02
1.207296177744865417e-01 -3.738484578207135201e-03 3.163191489875316620e-03
1.004172042012214661e-01 -2.787474077194929123e-03 2.991594607010483742e-03
1.381024271249771118e-01 -5.947339814156293869e-03 8.051995187997817993e-03
