6.004862487316131592e-02 5.499999970197677612e-02 1.489937305450439453e-03
-9.200000017881393433e-02 6.029299402143806219e-05 2.409726940095424652e-02
-2.754143625497817993e-02 5.499999970197677612e-02 3.060246526729315519e-04
1.584319770336151123e-02 0.000000000000000000e+00 2.433896437287330627e-02
9.196217358112335205e-02 1.781622413545846939e-04 2.467600069940090179e-02
-4.014988616108894348e-02 8.728235288550299336e-18 1.456040889024734497e-03
-7.214456051588058472e-02 4.767379909753799438e-02 2.445620112121105194e-02
1.580980792641639709e-02 5.171332880854606628e-02 2.467600069940090179e-02
5.426306650042533875e-02 9.147278033196926117e-03 -3.239992365706712008e-04
-1.709910668432712555e-02 2.422407083213329315e-02 2.467600069940090179e-02
8.780640363693237305e-02 2.900005504488945007e-02 1.799730525817722082e-04
-7.186482846736907959e-02 1.990302652120590210e-02 -3.239992365706712008e-04
