5.358699709177017212e-02 1.872499585151672363e-01 2.658725157380104065e-02
-9.185947477817535400e-02 1.996945024112037207e-17 3.063256008317694068e-05
9.200000017881393433e-02 1.885435311123728752e-03 2.990507334470748901e-02
-9.602257609367370605e-02 1.513299643993377686e-01 2.950265444815158844e-02
1.894669956527650356e-03 6.856697052717208862e-02 0.000000000000000000e+00
-2.790589816868305206e-02 1.964523196220397949e-01 -6.139297696831312793e-18
-1.982930675148963928e-02 4.082954837940633297e-04 2.999999932944774628e-02
6.257633864879608154e-02 1.161509379744529724e-01 0.000000000000000000e+00
-2.557300776243209839e-02 1.298466771841049194e-01 2.999999932944774628e-02
-6.255419552326202393e-02 5.464698746800422668e-02 2.999999932944774628e-02
3.562685474753379822e-02 1.296020857989788055e-02 0.000000000000000000e+00
6.472205370664596558e-02 5.493817105889320374e-02 2.999999932944774628e-02
9.615861624479293823e-02 1.496125906705856323e-01 2.999999932944774628e-02
1.417721249163150787e-02 1.617938876152038574e-01 1.080275978893041611e-04
2.153463102877140045e-02 1.066291481256484985e-01 2.999999932944774628e-02
-6.688302010297775269e-02 1.203325241804122925e-01 1.512929593445733190e-04
