-2.346927113831043243e-02 -7.151740137487649918e-03 5.975720123387873173e-04
2.939026430249214172e-02 -8.255337015725672245e-04 7.635159883648157120e-03
-2.305879024788737297e-04 7.228905335068702698e-03 1.800891757011413574e-02
6.828842684626579285e-03 -7.747682742774486542e-03 8.652550737581186428e-21
-8.799969218671321869e-03 6.481698714196681976e-03 0.000000000000000000e+00
-1.070109009742736816e-02 -7.593309041112661362e-03 1.423941552639007568e-02
1.086699869483709335e-02 -7.299158256500959396e-03 1.769912242889404297e-02
1.372730359435081482e-02 5.775096360594034195e-03 7.226713467389345169e-03
-2.016074769198894501e-02 4.388330504298210144e-03 9.945823810994625092e-03
-7.865054532885551453e-03 -7.749999873340129852e-03 1.912500301841646433e-04
2.036963962018489838e-02 -7.464339025318622589e-03 1.066750005729130949e-18
3.493680618703365326e-03 4.556406289339065552e-03 4.573101620711798467e-19
